Probe Name	Accession #	NS Probe ID	Class Name	Analyte Type	% Samples above Threshold	Annotation																																														
								Mock1	Mock2	Mock3	1493-1 6h	1493-1 6h	1493-1 6h	1493-2 6h	1493-2 6h	1493-2 6h	1493-1 24h	1493-1 24h	1493-1 24h	1493-2 24h	1493-2 24h	1493-2 24h	Mock4	Mock5	Mock6	1488-1 6h	1488-1 6h	1488-1 6h	1488-2 6h	1488-2 6h	1488-2 6h	1488-1 24h	1488-1 24h	1488-1 24h	1488-2 24h	1488-2 24h	1488-2 24h	Mock7	Mock8	Mock9	1484-1 24h	1484-1 24h	1484-1 24h	1484-2 24h	1484-2 24h	1484-2 24h	1484-2 6h	1484-2 6h	1484-2 6h	1484-1 6h	1484-1 6h	1484-1 6h
																																																				
AANAT	NM_001088.2	AANAT	Endogenous	mRNA	98.08			1.18	5	3.46	2.82	4.56	8.99	4.68	6.86	7.4	6.51	4.37	2.2	3.48	2.93	3.41	5.79	1.14	2.27	6.89	1.88	1.06	1.93	1	2.09	4.68	6.23	4.42	6.37	8.61	7.17	3.48	5.26	6.26	4.98	5.77	5.39	9.66	6.48	5.39	5.65	7.22	7.34	4.94	2.64	3.3
ABCA1	NM_005502.3	ABCA1	Endogenous	mRNA	100			1429.11	1526.99	1549.87	1410.25	1404.15	1413.32	1335.74	1427.86	1331.51	1393.52	1358.12	1406.27	1187.74	1463.44	1313.26	408.8	683.62	490.78	540.69	1156.32	915.62	498.41	1102.29	1133.32	714.9	689.16	738.73	701.97	740.77	789.14	665.17	720.22	709.32	647.56	732.16	750.18	797.57	818.83	735.09	715.59	703.39	753.95	567.82	731.75	712.76
ABR	NM_001092.4	ABR	Endogenous	mRNA	100			1261.12	1374.09	1368.82	1404.6	1457.34	1305.49	1342.29	1379.81	1409.71	1310.24	1377.8	1275.33	1408.85	1651.7	1599.04	674.91	895.47	744.47	645.15	953.25	890.51	558.94	934	872.46	846.03	812.63	778.78	922.61	1024.02	1034.54	896.53	856.87	962.2	899.89	919.72	868.14	980.51	911.29	1003.44	667.95	655.07	685.29	655.06	647.48	661.83
ACC (ACACA)	NM_198834.1	ACC (ACACA)	Endogenous	mRNA	100			20.11	31.98	24.22	22.56	24.31	17.97	20.58	26.09	32.76	20.82	29.52	20.91	16.7	14.65	14.32	22.2	8.5	15.11	12.85	15.99	18.21	15.39	18.68	13.34	14.5	24.66	13.94	29.36	27.79	25.93	23.97	22.23	26.92	18.87	25.17	22.85	11.95	12.47	16.2	12.91	11.8	12.71	11.29	12.69	9.52
AIFM1	NM_004208.2	AIFM1	Endogenous	mRNA	100			110.02	132.91	137.23	165	142.85	164.31	114.12	122.19	120.47	137.92	157.46	124.34	92.08	102.01	81.51	99.24	81.17	81.88	107.94	102.08	105.22	76.77	102.17	93.32	98.97	86.41	84	128.25	120.14	109.14	109.72	90.73	99.75	105.92	105.42	89.12	135.99	104.73	120.78	128.29	137.4	112.12	117.61	125.63	112.04
APEX1	NM_001641.2	APEX1	Endogenous	mRNA	100			267.37	287.81	288.29	276.41	264.42	254.17	253.49	297.93	309.63	274.54	258.06	232.18	218.06	209.8	212.96	211.83	160.6	166.05	194.85	180.73	180.75	205.34	177	162.25	270.61	241.62	238.26	210.74	259.34	233.95	249.47	265.98	241.54	302.87	210.06	212.51	284.19	258.92	253.83	249.07	250.57	274.06	254.36	290.14	233.24
AQP3	NM_004925.4	AQP3	Endogenous	mRNA	100			126.59	130.91	119.93	118.46	100.3	125.8	103.83	105.72	114.13	161.34	123.56	113.34	124.35	92.37	126.81	129.63	68.76	90.38	142.19	62.64	79.33	101.11	58.59	41.68	100.72	83.33	93.74	87.99	74.18	68.22	89.79	84.45	89.5	95.58	76.81	87.46	84.38	90.82	94.4	92.72	98.99	85.36	87.5	97.4	87.76
AR	NM_000044.3	AR	Endogenous	mRNA	94.23			4.73	5	3.46	2.82	3.04	5.13	1.87	8.24	9.51	9.11	5.47	8.8	5.01	7.38	5.73	19.42	5.1	12.69	15.41	3.15	6.23	2.42	1.23	2.55	1	4.22	7.99	5.55	2.19	3.89	1.57	3.89	2.12	1	1	3.13	8.13	8.58	3.97	12.48	20.18	22.69	7.27	7.77	11.34
ASMTL	NM_004192.2	ASMTL	Endogenous	mRNA	100			138.42	147.9	136.07	148.08	141.33	165.59	161.82	157.89	178.59	171.75	148.72	163.95	182.9	174.2	176.94	169.11	123.39	123.86	154.2	100.62	116.93	143.54	106.98	103.88	119.48	100.24	98.72	111.7	112.76	116.1	103.04	133.41	107.77	104.15	106.68	107.31	142.74	124.33	135.94	116.22	112.39	96.93	101.59	124.14	111.72
Atg1	XM_011538798.2	Atg1	Endogenous	mRNA	100			102.92	119.92	98.02	166.41	141.33	127.08	117.86	113.95	102.51	123.61	136.69	108.94	115.27	125.47	131.17	90.14	62.31	56.56	94.13	80.12	85.8	70.56	74.84	56.77	65.86	68.17	73.66	88.55	97.2	94.2	68.95	85.28	83.15	80.24	77.04	65.88	108.05	112.98	112.63	105.61	95.01	77.04	62.64	61.05	69.48
Atg8	NM_007285.6	Atg8	Endogenous	mRNA	100			757.15	709.53	697.67	885.63	790.21	889.58	656.65	697.46	718.59	815.81	821.21	842.88	587.4	582.23	548.26	390.18	411.32	425.32	435.33	423	394.92	404.93	380.88	384.27	461.05	449.41	464.73	548.1	532.49	599.43	538.87	514.77	531.21	527.34	534.18	547.46	573.91	600.18	576.54	532.03	514.91	512.77	453.22	477.84	443.39
BAD	NM_004322.3	BAD	Endogenous	mRNA	100			70.98	67.95	62.27	95.9	77.5	92.42	97.28	85.12	70.8	89.78	65.61	61.62	73.5	62.1	77.84	70.38	67.68	57.47	89.77	48.9	61	66.92	47.58	54.39	45.45	57.12	68.83	73.62	71.14	61.92	58.43	70.98	66.1	61.83	66.22	57.09	85.97	79.87	87.43	79.69	135.31	100.09	69.65	90.85	77.9
BAX	NM_138761.3	BAX	Endogenous	mRNA	100			903.84	860.43	881.03	946.27	978.65	852.36	841.85	922.62	921.49	923.81	925.1	924.31	710.07	737.16	746.89	543.88	573.18	545.33	575.92	640.24	639.65	545.16	635.52	600.22	678.36	625.89	635.37	724.12	759.31	745.05	686.8	707.28	700.22	699.7	674.07	776.19	649.09	645.43	582.01	605.75	593.55	588.4	597.02	572.5	534.54
BCL-2	NM_000657.2	BCL-2	Endogenous	mRNA	100			44.96	42.97	71.5	50.77	60.79	78.3	81.38	67.27	51.78	72.86	56.86	72.62	50.29	38.86	48.77	66.15	41.55	42.58	49.45	28.49	35.11	43.47	33.27	31.11	71.61	56.2	66.42	70.94	68.1	61.91	61.46	61.94	61.36	61.57	63.73	72.47	46.45	65.42	49.11	51.53	56.67	47.34	71.02	46.26	52.45
BCLXL	NM_001191.3	BCLXL	Endogenous	mRNA	100			149.06	142.91	167.21	136.79	148.92	139.92	132.83	141.41	158.51	140.52	142.15	136.45	143.06	160.87	155.49	155.95	149.23	147.47	135.55	193.44	146.89	126.66	179	169.45	124.58	137.69	138.37	96.45	115.34	136.99	132.63	114.4	115.25	111.65	104.23	145.83	131.91	122.6	114.42	109.14	104.49	127.53	135.95	108.28	127.44
BDNF	NM_170732.4	BDNF	Endogenous	mRNA	100			17.75	15.99	11.53	14.1	13.68	17.97	17.77	19.22	14.79	18.22	20.78	26.41	6.96	6.41	1.49	14.16	7.97	2.64	10.04	7.65	1.85	3.37	4.47	5.31	5.71	13.52	15.97	5.55	4.38	9.73	1.57	10.71	12.73	4.05	10.28	7.83	5.88	8.28	8.61	10.54	6.15	4.69	9.21	5.62	4.69
BLNK	NM_013314.2	BLNK	Endogenous	mRNA	100			84	99.93	101.48	101.54	106.37	114.25	100.09	108.46	103.56	100.19	99.51	105.64	106.16	96.09	99.78	147.24	92.78	105.89	118.02	102.87	118.48	97.13	120.59	103.85	60.14	67.77	64.75	77.4	57.94	69.74	60.45	84.73	88.71	70.36	62.68	78.84	112.4	83.41	118.54	146.65	132.7	131.1	147.66	142.13	125.71
BMAL1 (ARNTL)	NM_001030272.1	BMAL1 (ARNTL)	Endogenous	mRNA	100			255.54	204.86	236.4	236.92	267.46	219.51	215.14	232.03	253.62	219.89	205.58	183.76	173.28	148.89	169.66	198.52	116.1	122.58	136.18	103.54	117.57	144.62	110.93	109.44	110.08	128.8	118.76	148.08	134.85	140.99	138.45	136.98	149.28	138.7	143.35	139.7	123.33	143.78	157.52	154.25	163.58	149.65	152.61	147.2	143.83
CASP3	NM_004346.3	CASP3	Endogenous	mRNA	100			408.15	415.72	402.46	445.64	442.22	482.66	368.54	367.95	412.13	407.26	400.22	387.33	320.69	320.47	308.76	289.51	252.87	236.85	273.24	245.05	279.69	236.57	252.73	229.75	312.28	300.39	301.66	370	334.91	366.55	355.97	330.87	350.79	364.82	349.11	382.25	440.65	423.68	454.44	288.64	299.79	315.14	280.72	316.44	310.58
CASP8	NM_001228.4	CASP8	Endogenous	mRNA	100			670.78	646.57	650.39	736.15	750.7	680.35	701.54	705.69	847.52	809.31	682.34	654.72	657.38	605.75	670.1	698.9	405.57	400.49	481.61	410.63	431.14	495.5	363.35	309.08	453.63	442.2	510.85	558.45	588.66	561.89	508.23	541.56	570.19	525.46	537.35	561.76	599.57	528.17	579.4	639.87	585.13	529.8	637.84	625.45	574.25
CASP9	XM_011542270.1	CASP9	Endogenous	mRNA	100			112.39	102.93	100.33	135.38	144.37	138.64	115.05	123.57	106.73	128.81	132.31	118.84	99.06	106.05	103.69	73.67	60.69	72.62	95.66	83.24	84.63	66.3	74.37	60.16	147.44	94.83	119.81	146.88	154.72	167.59	137.09	141.29	160.13	146.5	159.21	131.83	147.61	144.31	144.05	105.95	97.06	87.39	85.81	84.39	87.33
CAT	NM_001752.2	CAT	Endogenous	mRNA	100			642.39	647.57	590.43	863.07	860.12	851.07	715.57	737.27	705.91	831.42	864.95	908.9	568.87	602.03	596.96	251.45	232.9	208.38	370.43	303.71	327.34	301.3	297.5	275.91	336.11	368.58	424.04	488.39	524.67	487.52	400.75	402.15	425.96	463.79	432.63	444.88	565.49	564.22	566.67	453.37	443.14	414.38	367.99	377.38	339.81
CCT2	NM_006431.2	CCT2	Endogenous	mRNA	100			719.29	781.48	814.14	944.86	872.27	834.39	738.96	741.39	805.25	798.9	843.08	830.78	712.08	711.6	731.04	680.91	607.85	602.17	709.41	705.09	685.64	713.12	685.28	710.83	553.18	567.82	584.33	651.19	652.81	675.05	630.68	547.49	597.78	665.6	676.29	648.66	892.03	907.75	962.14	941.85	881.82	867.28	919.76	773.07	835.73
CCT5	NM_012073.3	CCT5	Endogenous	mRNA	100			403.42	387.74	416.3	320.13	375.35	432.6	434.96	354.22	355.07	379.93	416.62	382.93	343.94	358.4	407.44	274.67	337.66	304.3	307.34	405.52	372.25	284.27	386.5	384.68	467.03	395.96	436.47	432.77	401.33	446.48	388.56	402.24	442.95	434.36	456.86	481.05	419.93	423.49	471.68	316.05	322.75	307.9	340.51	348.88	357.59
CCT6A	NM_001762.3	CCT6A	Endogenous	mRNA	100			1095.5	1075.29	1115.12	1294.61	1235.47	1196.38	1190.75	1142.29	1174.06	1200.95	1154.73	1116.87	852.82	916.01	915.47	804.62	828.99	730.16	821.89	1052.38	976.26	826.81	970.49	964.59	739.46	723.62	745.93	838.46	882.6	845.93	765.8	871.54	813.72	818.23	826.13	885.26	1392.82	1229.98	1332.28	1109.81	1127.92	1038.88	1055.05	1046.2	1111.53
CCT7	NM_001009570.2	CCT7	Endogenous	mRNA	100			373.84	396.74	371.32	518.97	417.9	448	405.96	422.87	400.51	452.79	434.12	461.05	261.51	257.21	290.87	258.85	244.54	275.32	290.18	310.44	287.25	272.99	275.05	236.91	257.13	247.53	276.28	323.46	283.12	298.11	259.24	313.17	291.5	284.74	281.31	272.14	391.11	413.73	403.34	486.15	460.74	414.12	426.48	406.6	378.44
CCT8	NM_006585.2	CCT8	Endogenous	mRNA	100			868.35	863.43	876.41	978.71	1016.64	1055.18	911.07	882.8	890.85	817.11	928.38	908.9	868.33	863.02	804.34	758.19	731.23	785.41	829.05	872.19	864.99	836.88	895.25	919.6	811.78	829.31	871.55	1018.09	954.77	986.47	872.55	928.29	873.44	915.13	964.49	948.92	1168.63	1077.26	1107.77	937.94	907.98	907.29	893.4	940.81	871.62
CD36	NM_000072.3	CD36	Endogenous	mRNA	100			560.76	561.63	603.11	306.02	313.05	275.99	410.64	425.61	425.87	247.22	273.37	272.89	191.98	198.38	214.95	59.22	130.13	92.25	62.14	110.78	114.72	52.11	121.09	129.56	161.39	167.39	194.09	162.62	171.95	168.52	176.54	169.82	174.49	157.49	189.46	181.48	170.67	164.26	161.01	55.34	55.03	66.55	110.75	108.79	115.63
CD40	NM_001250.4	CD40	Endogenous	mRNA	100			133.68	119.92	145.3	155.13	133.73	160.46	146.86	140.04	150.06	122.31	123.56	121.04	106.64	122.8	105.93	307.05	392.93	337.51	229.42	264.32	275.31	196.91	301.8	322.96	212.02	220.3	213.92	246.99	238.81	258.16	250.24	237.5	244.26	229.32	210.01	225.66	278.76	283.27	290.88	234.77	237.22	214.32	271.1	279.22	249.12
CETP	NM_000078.2	CETP	Endogenous	mRNA	100			5.92	5	5.77	1.41	10.64	5.13	2.81	10.98	10.57	10.41	6.56	6.6	6.68	2.46	2.86	1.94	8.93	3.81	3.85	1.05	7.11	2.42	6.13	6.37	1.8	2.79	1.88	1.31	4.13	2.29	1.85	1.84	2	2.55	3.12	1.85	7.18	6.74	7.95	6.37	8.01	12.22	5.57	8.7	7.25
CFOS	NM_005252.3	CFOS	Endogenous	mRNA	100			238.97	197.87	192.58	390.64	395.11	403.07	405.02	417.38	387.83	350.01	370.69	333.41	265.49	298.74	286.44	38.92	28.59	35.76	16.36	30.3	25.07	16.19	24.14	27.25	126.08	111.36	105.99	82.05	73.46	69.8	96.4	106.17	84.14	145.46	137.09	152.07	168.54	187.02	201.41	83.05	81.99	81.47	61.31	65.49	71.84
CLOCK	NM_004898.2	CLOCK	Endogenous	mRNA	100			52.05	57.96	48.43	76.15	62.31	75.74	63.61	63.16	68.69	59.85	68.89	67.12	57.18	46.33	70.59	46.54	49.77	33.88	40.89	37.37	51.75	33.74	50.76	40.11	53.86	46.93	43.36	42.06	47.56	61.9	38.95	40.31	54.64	48.46	45.99	47.44	45.09	45.16	52.8	42.07	39.81	26.64	43.94	30.66	31.15
COL1A1	NM_000088.3	COL1A1	Endogenous	mRNA	100			1.18	4	2.31	4.23	6.08	2.57	4.68	4.12	1.06	14.31	2.19	3.3	5.47	4.03	11.73	23.86	9.4	3.12	9.47	6.02	2.19	5.96	2.01	3.65	8.38	13.94	5.49	10.18	3.61	13.91	10.39	8.56	19.83	8.18	6.46	10.33	9.61	6.45	9.38	7.03	10.05	7.3	15.97	11.81	2.19
COL1A2	NM_000089.3	COL1A2	Endogenous	mRNA	98.08			2.37	1	10.38	1.41	7.6	10.27	7.48	6.86	6.34	9.11	6.56	4.4	36.75	29.12	28.16	41.44	27.64	34.68	52.67	20.29	16.6	21.55	18.18	20.59	6.86	4.05	12.78	11.1	5.26	8.56	8.18	9.34	5.94	6.49	8.81	9.39	46.71	51.6	42.91	59.09	28.73	55.52	39.35	70.94	32.85
COL4A1	NM_001845.4	COL4A1	Endogenous	mRNA	100			1.18	3	4.61	5.64	6.08	3.85	7.48	1.37	6.34	10.41	1.09	4.4	5.57	8.2	11.93	19.42	8.5	8.46	9.63	5.25	2.96	1.64	9.19	3.18	17.46	10.84	7.32	15.27	14.05	16.05	12.98	14.27	40.83	16.11	20.19	15.79	5.59	3.93	6.13	8.58	2.92	4.46	4.38	8.01	7.24
COL4A4	NM_000092.4	COL4A4	Endogenous	mRNA	100			7.1	11.99	16.14	22.56	7.6	12.84	12.16	6.86	16.91	19.52	14.22	8.8	6.59	5.66	3.77	17.88	5.03	3.34	8.87	5.52	2.92	4.25	2.82	3.35	12.93	11.47	14.68	14.66	14.86	22.01	12.46	18.72	13.2	8.41	11.63	8.86	8.04	16.35	13.07	15.09	15.41	5.7	8.39	5.12	11.75
COL4A5	NM_000495.4	COL4A5	Endogenous	mRNA	100			9.46	4	16.14	14.1	9.12	5.13	6.55	12.36	11.62	10.41	7.65	6.6	8.5	9.4	9.11	17.3	6.49	8.07	7.36	9.35	3.4	5.14	3.9	3.24	12.22	6.5	12.81	3.56	5.62	3.75	6.06	5	5.44	6.07	3.77	6.03	28.16	19.83	45.8	26.43	29.44	29.95	21	31.41	29.93
CRY	NM_004075.3	CRY	Endogenous	mRNA	100			287.48	259.83	253.7	308.84	306.97	305.51	261.91	245.76	267.36	273.24	286.5	278.39	165.93	199.13	197.17	146.01	127.19	102.68	152.23	128.02	127.9	136.66	111.4	113.56	165.42	145.34	161.71	180.19	182.89	203.31	155.88	174	194.95	177.53	184.3	172.81	241.27	283.89	247.38	217.86	192.67	204.62	166.74	164.5	194.74
CSF1R	NM_005211.3	CSF1R	Endogenous	mRNA	100			727.57	734.51	769.17	641.66	606.34	748.38	756.73	705.69	772.49	787.19	845.27	859.39	451.53	604.02	542.73	213.49	441.88	358.46	135.69	328.59	290.35	144.72	369.96	331.03	631.13	617.81	607.46	722.73	756.86	725.28	742.92	711.84	744.39	591.65	579.63	673.39	615.97	577.36	575.46	399.3	429.75	468.38	413	427.12	477.55
CTSK	NM_000396.2	CTSK	Endogenous	mRNA	100			412.88	404.73	397.85	259.49	259.86	255.45	309.61	319.9	293.78	187.36	131.22	169.46	181.91	224.12	218.33	79.48	39.57	31.82	77.57	117.08	106.83	68.26	81.3	80.69	49.95	58.75	75.52	66.62	50.77	73.59	44.17	61.75	75.06	55.24	73.48	55.4	57.57	55.12	49.57	30.05	37.77	33.61	35.36	36.7	26.99
DDC	NM_000790.3	DDC	Endogenous	mRNA	100			4.73	6	5.77	5.64	6.08	5.13	1.87	2.75	3.17	3.9	6.56	1.1	2.67	6.56	5.35	5.18	6.12	4.74	4.11	2.8	5.69	3.88	2.94	2.38	3.35	2.97	5.27	4.89	7.71	7.7	3.46	6	7.47	4.76	7.75	3.44	5.59	3.15	4.36	6.87	7.01	3.57	8	5.34	2.67
DYNLL2	NM_080677.2	DYNLL2	Endogenous	mRNA	100			702.73	732.51	764.55	929.35	898.11	842.09	743.64	683.73	666.81	910.79	815.75	861.59	516.36	490.61	561.92	523.34	413.65	426.39	673.94	462.27	501.01	564.43	424.49	419.56	431.05	401.04	389.32	586.83	547.7	542.67	497.03	483.53	555.69	545.97	506.18	577.41	577.4	564.24	611.42	611.12	639.07	589	571.75	569.67	493.67
EDN1	NM_001168319.1	EDN1	Endogenous	mRNA	100			13.01	9.99	18.45	18.33	30.39	25.67	30.87	35.7	26.42	18.22	14.22	15.41	10.14	11.39	15.55	127.15	228.91	187.59	50.45	93.18	84.06	46.7	138.35	120.18	72.56	86.37	91.48	41.06	48.58	43.16	64.52	69.47	76.73	64.53	65.17	56.63	116.02	108.93	77.7	184.01	128.44	176.6	236.17	267.52	284.66
ELN	NM_000501.1	ELN	Endogenous	mRNA	96.15			3.55	4	4.61	2.82	3.04	6.42	5.61	4.12	5.28	5.2	2.19	3.3	7.42	1.37	6.36	6.47	7.09	14.1	4.28	2.33	1.09	1.09	2.72	1.42	5.71	1	6.99	2.78	6.57	3.89	5.51	5.84	7.42	1	2.94	3.91	6.7	7.69	6.54	9.15	7.01	8.71	9.33	3.56	7.72
ERBB2	NM_001005862.1	ERBB2	Endogenous	mRNA	100			7.1	18.99	8.07	8.46	21.27	26.96	17.77	9.61	14.79	9.11	1.09	1.1	4.19	6.61	6.16	13.92	6.86	6.37	13.12	4.89	3.83	7.53	3.29	3.42	17.24	12.46	17.41	19.86	43.33	26.75	9.5	18.28	25.61	10.88	20.19	17.85	10.07	10.4	6.88	10.31	8.42	18.2	6.31	11.55	12.04
ERCC1	NM_001983.3	ERCC1	Endogenous	mRNA	100			123.04	145.9	155.68	160.77	153.48	156.61	150.6	152.4	139.49	143.12	156.37	165.06	151.95	151.88	127.16	126.2	115.1	128.24	98.76	117.45	122.63	93.33	121.22	102.51	85.36	94.04	87.53	89.34	101.4	114.05	72.88	113.14	121.21	77.23	115.04	116.46	106.05	92.74	112.62	77.71	76.1	79.61	85.61	75.55	87.01
ERCC6	NM_001277058.1	ERCC6	Endogenous	mRNA	100			70.98	65.96	74.96	102.95	112.45	89.86	70.15	89.24	83.48	94.98	78.73	94.63	82.36	80.29	79.95	69.01	54.57	45.08	74.04	73.82	79.31	62.1	60.87	50.33	74.31	69.69	70.12	86.67	97.67	71.58	96.51	78.13	100.51	88.15	99.89	89.9	60.36	69.37	63.98	57.54	58.76	65.29	53.09	54.72	50.6
EndoG	NM_004435.2	EndoG	Endogenous	mRNA	100			108.84	93.94	107.25	148.08	164.12	127.08	96.35	111.21	96.16	114.5	127.94	117.74	92.54	102.85	96.33	84.55	51.73	64.64	92.45	84.11	83.58	78.73	79.72	54.8	63.28	79.53	81.55	65.34	81.87	83.51	91.52	78.16	92.51	80.46	86.43	82.37	110.38	99.41	119.81	66.89	82.44	97.03	78.63	80.77	82.59
F3	NM_001993.4	F3	Endogenous	mRNA	100			15.38	17.99	18.45	19.74	10.64	12.84	13.1	19.22	10.57	16.91	19.68	23.11	3.73	5.5	4.27	75.22	162.43	122.83	20.09	69.57	47.02	22.86	80.32	68.28	30.62	23.46	29.19	27.06	30.42	21.33	31.06	24.19	32.56	41.49	30.06	24.03	13.5	16.57	15.2	43.59	30.4	37.54	53.9	47.65	54.62
FBN1	NM_000138.3	FBN1	Endogenous	mRNA	100			22.48	18.99	26.52	25.38	30.39	26.96	29	21.97	40.16	35.13	22.96	24.21	19	13.03	12.92	21.33	11	10.45	15.87	9.47	8.37	9.51	7.93	5.24	6.11	7.74	13.73	5.94	7.03	5.35	4.33	2.68	11.67	8.05	5.39	6.46	11.17	8.16	14.54	11.44	18.18	3.96	8.89	11.87	13.85
FGF2	NM_002006.4	FGF2	Endogenous	mRNA	100			4.73	7	3.46	4.23	12.16	7.7	3.74	5.49	1.06	5.2	5.47	4.4	4.28	3.94	4.59	11.21	10.63	4.88	8.65	6.73	6.84	7.77	5.5	7.35	9.58	7.37	11.38	4.97	13.95	6.52	7.39	9.14	6.4	7.71	7.88	9.45	20.58	13.81	10.04	6.02	12.3	9.38	13.16	11.25	10.55
FLG-F	NM_002016.1	FLG-F	Endogenous	mRNA	96.15			10.65	9.99	18.45	19.74	18.24	19.26	23.38	9.61	17.96	11.71	7.65	14.3	2.34	1.73	4.02	16.35	1	4.75	7.21	1.96	1.66	1.89	1.43	1	6.92	10.92	6.45	7.48	5.31	11	3.81	5.5	8.57	5.46	10.68	11.38	7.19	8.78	11.23	7.37	7.52	9.95	7.73	11.69	5.16
FOXO	NM_002015.3	FOXO	Endogenous	mRNA	100			302.86	285.81	296.37	296.15	276.57	229.78	301.2	251.25	269.47	323.98	278.84	228.88	297.99	239.51	279.78	382.24	144.47	177.84	249.6	114.43	130.31	228.21	102.38	114.49	189.48	208.62	203.76	205.88	213.44	240.26	210.42	220.51	240.3	245.52	220.35	217.31	301.28	259.21	268.18	295.58	324.25	316.38	315.91	315.77	275.3
GBA	NM_001005742.2	GBA	Endogenous	mRNA	100			1760.36	1690.88	1614.44	1637.29	1533.32	1542.97	1578.94	1545.94	1596.76	1574.37	1506.83	1689.06	1005.05	1122.95	1060.71	451.86	722.49	602.83	523.42	933.79	877.41	527.15	944.99	891.46	857.48	810.79	850.64	727.86	766.86	807.08	737.67	765.53	731.37	818.51	840.73	792.18	1094.05	990.32	1050.61	757.85	753.82	755.53	675.74	775.33	805.85
GPX1	NM_000581.2	GPX1	Endogenous	mRNA	100			4425.75	4456.04	4609.24	4254.71	4422.16	4785.52	4110.11	4279.47	4174.19	4240.4	4542.37	4373.96	3673.23	4255.49	4161.96	1682.11	2738.25	2413.4	2754.22	4732.36	4251.21	2374.83	4653.25	4196.05	2901.26	2962.44	2814.76	2678.23	2834.19	2832.11	2666.43	2459.68	2624.61	2688.98	2965.38	3172.57	2629.46	2655.4	2677.78	2249.1	2142.58	2242.8	1920.14	2090.19	2210.6
GRK5	NM_005308.2	GRK5	Endogenous	mRNA	100			143.15	180.88	175.28	193.2	167.16	183.56	169.31	145.53	168.02	156.14	188.08	160.65	128.25	144.31	149.64	143.95	93.85	115	180.8	121.44	134.66	152.07	116.97	119.84	156.64	120.54	179.32	160.01	150.73	143.71	126.82	145.42	142.44	188.31	176.3	165.59	112.24	126.03	123.09	165.88	165.76	142.75	136.71	126.12	116.21
Glut4	NM_001042.2	Glut4	Endogenous	mRNA	100			4.73	2	8.07	1.41	1.52	8.99	5.61	4.12	2.11	11.71	9.84	5.5	10.39	9.57	11.14	3.02	11.91	9.87	14.99	9.8	4.15	8.8	8.58	6.93	5.5	16.26	7.69	8.91	8.43	11.24	9.09	5.62	12.25	3.9	11.31	13.56	4.89	3.67	5.73	8.01	8.18	6.24	3.5	8.41	7.01
HAS2	NM_005328.2	HAS2	Endogenous	mRNA	100			3.55	4	8.07	4.23	6.08	7.7	1.87	4.12	2.11	11.71	7.65	11	4.73	4.07	7.44	8.26	1.2	3	9.1	1.98	1.68	3.43	2.6	1.5	3.45	7.13	8.43	3.35	5.28	5.87	1.9	3.52	10.24	5.71	3.54	4.72	4.13	2.33	7.25	2.54	1.73	9.66	5.17	7.9	2.63
HAS3	NM_138612.2	HAS3	Endogenous	mRNA	98.08			10.65	7.99	12.68	11.28	7.6	21.82	6.55	13.73	13.74	20.82	9.84	9.9	3.22	5.34	5.53	10.3	9.23	5.51	7.43	3.04	2.57	3.51	4.43	2.46	1.52	2.69	4.77	1.47	1.74	4.64	1.88	3.1	6.75	1.61	2.34	1	11.94	11.21	25.42	13.34	19.3	26.55	10.69	14.53	6.92
ICAM1	NM_000201.2	ICAM1	Endogenous	mRNA	100			283.93	266.82	274.46	289.1	297.85	311.93	282.49	313.03	307.52	271.94	254.78	258.59	157.19	207.79	185.82	247.23	358.82	317.34	201.35	358.7	307.44	188.88	379.69	330.83	248.42	241.69	267.03	231.29	262.88	300.73	252.76	300.88	262.77	236.31	257.62	294.36	341.94	325.78	386.04	379.29	348.78	393.95	414.05	378.21	442.22
IFNG	NM_000619.2	IFNG	Endogenous	mRNA	100			9.46	9.99	17.3	19.74	21.27	15.4	13.1	27.46	14.79	18.22	24.06	12.1	11.96	12.66	11.53	86.9	79.32	79.47	39.65	22.07	26.66	30.72	23.58	21.65	14.99	15.8	9.83	20.04	17.24	18.19	19.36	20.12	18.79	11.97	18.07	16.95	27.76	27.44	25.67	52.37	48.89	71.49	73.24	76.84	76.87
IGF1	NM_000618.3	IGF1	Endogenous	mRNA	100			15.38	11.99	20.76	21.15	21.27	21.82	15.9	10.98	17.96	20.82	14.22	14.3	3.55	3.92	10.64	6.19	1.35	5.39	8.18	2.23	1.04	6.86	2.6	2.7	12.12	16.9	5.45	8.42	15.94	1.77	2.86	5.31	5.79	2.46	6.68	5.7	13.73	18.05	12.06	12.65	14.36	10.22	7.37	9.19	14.23
IGF1R	NM_000875.4	IGF1R	Endogenous	mRNA	100			62.7	64.96	69.19	57.82	83.58	73.17	73.9	54.92	76.09	67.66	74.36	56.12	67.71	83.99	86.3	62.16	39.46	40.6	56.52	51.5	52.17	50.85	48.37	38.38	35.86	46.72	35.25	59.35	45.75	66.97	43.53	46.39	53.67	49.7	47.97	44.68	54.32	57.16	72.2	46.03	71.49	56.77	51.13	47.46	43.29
IGF2BP3	NM_006547.2	IGF2BP3	Endogenous	mRNA	100			11.83	16.99	12.68	11.28	6.08	26.96	14.97	16.48	11.62	35.13	18.59	13.2	9.42	19.42	14.53	28.47	15.1	11.44	10.86	17.16	13.54	10.02	16.58	17.59	8.38	11.15	20.86	14.25	10.84	14.98	10.39	17.13	22.17	13.38	17.77	13.78	13.37	17.38	25.09	18.95	23.66	29.53	15.65	15.73	21.31
IL-10	NM_000572.2	IL-10	Endogenous	mRNA	100			227.14	255.83	221.41	211.54	215.79	236.2	255.36	232.03	252.56	157.44	153.09	147.45	61.25	66.99	65.24	72.3	112.67	101.86	51.92	61.81	58.05	51.17	75.92	84.02	159.72	155.63	160.14	103.49	110.41	105.22	139.94	139.17	134.16	129.46	115.11	151.41	37.47	42.59	45.22	33.99	35.74	38.1	52.95	56.88	55.01
IL-16	NM_004513.4	IL-16	Endogenous	mRNA	100			798.55	820.46	861.42	817.94	756.78	757.37	783.86	735.9	828.5	845.74	803.72	685.53	1067.86	921.88	1057.07	1377.81	793.67	862.63	1070.18	549.32	694.33	1117.69	619.73	650.64	820.75	780.98	821.17	889.53	829.24	849.14	829.21	862.79	875.32	829.66	846.72	896.21	1106.07	1088.4	1097.9	1227.71	1354.91	1125.83	1139.37	1133.7	1096.32
IL-18	NM_001562.3	IL-18	Endogenous	mRNA	100			84	59.96	71.5	71.92	75.98	91.14	71.09	71.39	83.48	54.65	64.52	75.93	65.38	62.91	59.66	50.27	59.58	57.67	100.95	186.86	180.77	96.91	206.58	174.05	87.01	84.21	107.82	119.71	126.05	123.53	93.39	91.25	108.25	93.03	99.36	97.55	65.09	97.55	92.84	71.78	86.39	82.54	64.98	65.83	50.88
IL-1B	NM_000576.2	IL-1B	Endogenous	mRNA	100			3103.12	3255.84	3298.08	4899.19	5166.78	5123.13	5180.2	5428.63	5210.87	4529.25	4868.23	4802	4574.91	5320.98	5063.83	17037.61	31879.44	27457.73	3974.18	8058.84	7106.57	4494.59	9591.61	9518.39	21859.99	21217.39	21031.57	21564.32	22680.75	23175.67	23591.15	24193.9	23415.56	18777.04	19824.01	20318.17	17170.89	16819.2	16566.31	17620.57	17398.11	18231.41	18006.85	18552.65	20110.8
IL-6	NM_000600.3	IL-6	Endogenous	mRNA	100			162.08	196.87	183.35	138.2	188.44	164.31	356.38	358.34	333.93	243.31	281.03	302.6	176.7	192.34	196.59	914	1564.52	1354.97	53.2	88.99	79.2	80.75	160.63	136.94	791.78	779.79	790.62	596.99	682.01	638.82	729.7	759.57	781.36	590.37	640.38	634.21	628.85	623.86	648.42	899.82	874.24	980.01	936.63	969.55	1064.23
IL-8	NM_000584.3	IL-8	Endogenous	mRNA	100			26999.35	27569.69	27888.37	41922.36	43517.97	44680.71	40578.23	39300.56	41737.64	36309.46	37741.92	39151.08	24928.26	29932.72	29058.41	51761.43	105125.75	90168.18	17848.26	32753.64	30783.74	18977.43	39756.38	39469.72	70540.89	70688.58	70668.45	69401.4	73050.67	73277.12	76665.75	70737.1	73608.17	70960.28	76809.8	78732.26	69043.52	72171.9	74369.62	69318.9	70326.52	73667.77	66895.98	67684.51	77452.32
IL12A	NM_000882.2	IL12A	Endogenous	mRNA	100			15.38	17.99	14.99	15.51	12.16	15.4	14.03	15.1	16.91	28.62	18.59	14.3	10.33	21.74	15.18	25.74	12.39	14.57	11.91	7.42	11.78	11.42	5.95	7.87	12.74	18.57	16.22	17.69	19.88	15.81	16.55	13.95	10.14	14.21	20.35	16.46	21.64	20.32	16.67	13.99	14.29	13.32	17.33	17.42	17.25
IL13	NM_002188.2	IL13	Endogenous	mRNA	100			4.73	7	12.68	7.05	10.64	11.55	5.61	9.61	7.4	5.2	7.65	11	19.49	22.97	20.05	18.13	14.88	17.76	17.98	31.84	26.98	24.51	21.45	14.86	17.33	18.92	13.98	19.43	15.33	28.6	20.93	14.99	25.24	18.92	14.39	23.02	19.91	18.69	24.98	16.02	16.36	13.61	11.46	13.6	20.4
IL1R1	NM_000877.3	IL1R1	Endogenous	mRNA	100			371.47	351.77	388.62	349.74	340.4	336.32	399.41	381.68	371.98	292.76	310.55	293.8	213.7	225.56	267.79	98.92	148.62	136.47	91.84	140.27	116.31	74.72	139.56	117.52	147.17	151	176.12	137.97	148.73	152.64	141.9	139.04	154.82	147.7	166.25	163.17	137.26	128.88	145.28	89.5	74.97	93.68	86.18	104.47	105.05
IL23	NM_016584.2	IL23	Endogenous	mRNA	100			39.04	37.97	32.29	38.08	25.83	24.39	43.03	38.44	39.1	44.24	29.52	34.11	22.56	19.94	17.41	38.04	43.93	42.84	33.83	17.72	24.62	31.1	24.83	19.35	39.51	39.58	41.43	28.49	38.11	31.26	32.66	35.18	31.24	39.8	38.34	33.54	28.07	37.89	59.92	37.72	31.19	41.05	39.26	50.32	48.94
IL3	NM_000588.3	IL3	Endogenous	mRNA	100			4.73	7	5.77	5.64	6.08	2.57	2.81	6.86	5.28	16.91	2.19	3.3	7.66	5.08	2.63	19.59	8.18	8.72	8.83	5.29	2.85	3.7	2.25	4.38	6.1	7.82	7.11	3.29	3.12	3.46	1.12	4.85	3.77	1.44	3.14	5.57	3.35	11.02	4.91	8.58	8.76	11.59	4.5	8.01	6.68
IL4	NM_000589.2	IL4	Endogenous	mRNA	100			17.75	15.99	17.3	19.74	18.24	15.4	17.77	19.22	21.14	14.31	17.5	13.2	7.15	10.53	14	9.5	3.9	7.75	5.89	5.13	4.35	4.44	2.62	2.33	13.44	7.67	20.13	8.4	8.83	10.79	11.11	19.63	9.62	11.58	14.07	10.26	9.03	5.65	9.79	2.05	4.2	8.54	5.39	5.76	4
IL4R	NM_000418.3	IL4R	Endogenous	mRNA	100			215.31	214.86	219.1	238.33	223.39	223.36	226.36	197.7	194.44	247.22	247.13	224.48	184.86	199.05	205.74	152.1	157.66	139.59	119.71	118.88	125.47	108.76	124.93	120.33	86.15	98.66	114.14	101.99	145.9	132.82	114.57	107.27	112.54	108.94	135.91	117.19	97.95	108.39	134.85	127.16	160.95	152.53	125.24	152.19	154.75
IL5RA	NM_000564.4	IL5RA	Endogenous	mRNA	100			13.01	8.99	8.07	9.87	12.16	6.42	15.9	9.61	11.62	13.01	20.78	13.2	5.71	6.31	6.52	9.95	7.99	10.84	9.87	7.17	6.08	3.22	3.84	5.44	10.22	12.7	12.86	13.91	16.46	9.4	18.59	6.27	9.11	11.61	15.77	13.45	17.74	5.55	8.65	9.08	12.36	11	14.55	14.13	11.78
KPNB1	NM_002265.4	KPNB1	Endogenous	mRNA	100			781.99	721.52	696.52	720.64	686.88	634.13	622.04	761.98	732.33	716.93	582.83	692.13	444.26	493.78	468.74	551.64	506.54	504.64	481.13	579.16	512.63	493.94	520.28	512.27	477.46	449.08	440.36	539.61	432.47	477.46	478.43	539.03	549.74	498.4	487.54	505.82	629.43	598.02	623.99	606.12	553.68	527.27	577.87	624.48	580.32
KROX20	NM_000399.4	KROX20	Endogenous	mRNA	100			10.65	15.99	13.84	11.28	9.12	23.11	15.9	16.48	24.31	15.61	15.31	12.1	7.99	12.75	8.56	33.28	42.69	41.46	19.96	38.48	31.89	13.52	37.12	29.69	20.82	22.03	23.51	21.02	30.39	31.91	20.52	20.47	20.52	26.15	17.91	22.39	34.34	34.72	42.96	36.96	24.86	38.39	25.22	26.09	41.4
Keratin 10	NM_000421.3	Keratin 10	Endogenous	mRNA	100			4.73	4	9.23	5.64	4.56	2.57	3.74	4.12	5.28	11.71	5.47	1.1	5.94	4.37	10.18	19.57	8.31	6.02	20.55	3.11	5.8	3.83	4.72	7.17	10.63	7.72	14.19	12.21	11.12	13.83	6.39	4.94	10.77	7.55	8.95	8.74	2.38	6.71	3.49	1.23	7.48	1.27	6.4	1.23	6.65
Keratin 14	NM_000526.4	Keratin 14	Endogenous	mRNA	100			5.92	3	5.77	5.64	7.6	7.7	3.74	2.75	6.34	10.41	4.37	4.4	7.52	7.38	10.74	11.65	9.57	9.52	17.34	7.87	4	7.27	12.87	6.69	21.99	9.76	6.59	12.21	10.84	6.42	16.88	14.45	14	6.69	3.64	5.17	12.37	29.03	18.1	9.5	9.7	26.3	16.6	5.91	3.18
Krt1	NM_006121.2	Krt1	Endogenous	mRNA	100			9.46	8.99	19.6	7.05	31.91	15.4	10.29	15.1	16.91	18.22	28.43	24.21	1.65	2.43	8.47	7.66	3.77	3.75	13.29	4.14	5.26	3.98	3.02	4.39	6.62	10.29	8.68	8.05	11.43	8.46	7.53	3.39	7.38	5.29	6.39	4.77	6.61	1.7	3.22	5.07	6.91	7.03	8.87	6.32	5.27
LDLR	NM_001195800.1	LDLR	Endogenous	mRNA	100			300.49	274.82	267.54	290.51	296.33	268.29	314.29	304.79	301.18	266.73	313.83	267.39	224.17	236.04	229.19	335.97	325.87	297.03	274.85	245.73	239.58	249.79	247.94	263.64	258.37	233.02	289.6	282.33	267.58	293.87	271.94	307.88	338.69	290.76	299.47	274.64	313.13	297.55	323.07	324.48	325.45	348.05	335.97	336.36	324.01
LIF	NM_002309.4	LIF	Endogenous	mRNA	100			16.56	19.99	18.45	31.03	10.64	32.09	14.97	21.97	17.96	15.61	16.4	15.41	3.17	3.89	3.62	12.29	4.84	5.62	15.84	7.3	9.56	4.6	5.04	8.06	5.54	8.84	6.97	6.46	5.09	9.05	10.07	4.53	9.87	3.14	5.12	7.28	12.4	4.85	5.04	7.41	5.4	6.6	11.1	1.06	7.41
LOX	NM_002317.5	LOX	Endogenous	mRNA	100			1.18	5	9.23	5.64	7.6	1.28	3.74	4.12	3.17	11.71	2.19	9.9	10.18	5.83	1.94	6.58	6.91	7.74	15.66	3.56	3.01	1.09	1.66	3.45	12.3	20.84	21.11	10.87	14.15	17.14	6.47	10.29	13.7	9.52	5.18	10.11	8.65	16.24	10.85	12.65	9.04	11.82	15.48	14.17	9.84
MALT1	NM_006785.2	MALT1	Endogenous	mRNA	100			480.31	484.68	517.78	534.48	594.18	559.68	557.49	523.09	543.17	490.53	501.91	496.27	415.35	443.65	425.35	546.34	401.11	391.15	415.14	346.02	349.2	372.71	328.88	330.64	404.67	401.68	414.41	442.07	406.45	432.67	448.53	414.72	436.79	460.86	458.09	457.38	437.05	451.39	528.61	451.57	450.06	507.04	440.95	471.04	464.47
MC1R	NM_002386.3	MC1R	Endogenous	mRNA	100			9.46	6	11.53	16.92	13.68	12.84	12.16	10.98	9.51	27.32	9.84	9.9	22.48	13.45	15.66	19.6	5.36	13.87	24.31	7.95	8.98	10.19	7.22	8.03	3.65	4.86	12.45	7.99	10.51	5.6	13.59	6.54	8.14	11.02	9.16	8.26	9.87	14.56	5.5	5.77	7.37	10.49	6.31	8.09	3.37
MITF	NM_000248.3	MITF	Endogenous	mRNA	100			183.37	152.9	151.07	170.64	177.8	181	179.6	185.35	181.76	158.74	148.72	151.85	85.62	90.76	83.32	41.71	92.77	68.11	43.37	85.79	64.99	42.53	82.13	69.91	101.59	84.55	101.02	114	140.92	130.55	89.16	119.9	115.5	95.14	103.4	120.56	57.67	65.43	61.91	41.83	50.76	51.62	43.45	47.33	42.91
MLH1	NM_000249.2	MLH1	Endogenous	mRNA	100			163.26	175.88	189.12	184.74	212.75	186.13	193.63	189.47	193.39	199.07	166.21	179.36	159.39	179.72	165.52	172.92	154.96	149.77	131.73	163.14	153.97	148.23	161.86	149.08	159.68	140.76	158.94	158.13	138.3	180.69	169.56	182.85	140.72	147.04	167.59	151.23	212.1	190.32	223.3	177.59	176.98	184.45	198.25	203.79	184.04
MMP1	NM_002421.3	MMP1	Endogenous	mRNA	100			1461.06	1426.05	1429.94	1091.53	1151.89	1173.27	1339.48	1400.4	1356.88	434.58	468.02	468.76	272.7	316.81	280.68	191.81	363.21	329.9	66.47	136.72	119.62	70.29	114.29	132.45	863.41	916.52	905.27	313.92	365.67	310.74	544.29	562.69	600.59	857.19	879.21	979.6	385.89	391.7	380.22	130.44	134.76	146.57	216.03	250	266.01
MMP2	NM_001127891.1	MMP2	Endogenous	mRNA	100			86.36	91.94	91.1	93.08	91.18	93.71	97.28	64.53	94.05	79.37	80.92	75.93	61.81	72.59	74.47	19.42	21.68	19.03	28.9	50.38	45.36	29.09	57.61	47.76	38.86	43.67	29.88	57.91	32.77	34.41	36.4	23.83	46.17	29.42	19.98	48.99	24.73	38.7	46.26	56.98	28.01	41.64	27.67	53.2	34.5
MMP9	NM_004994.2	MMP9	Endogenous	mRNA	100			1285.97	1310.13	1334.22	1547.04	1451.26	1578.91	1675.29	1690.1	1671.79	1100.76	1195.19	1084.96	1093.35	1179.62	1110.84	2614.42	4662.69	3830.06	1820.88	3678.7	3248.64	1754.58	3829.01	3807.7	4676.37	4600.5	4652.75	3938.02	4182.67	4230.67	4827.46	4880.38	4933.1	4449.51	4616.4	5070.31	6414.34	6510.3	6231.84	2724.73	2643	2909.44	3340.11	3765.38	3971.24
MPG	NM_001015052.1	MPG	Endogenous	mRNA	100			106.47	110.93	114.16	135.38	156.52	123.23	113.18	101.6	113.07	134.02	129.03	116.64	101.38	112.43	86.91	84.77	53.06	64.89	84.09	74.44	78.23	81.55	74.39	68.18	98.57	95.6	114.74	121.78	127.77	134.85	97.35	118.69	129.34	106.72	119.84	132.56	128.86	89.06	118.76	82.46	87.95	93.26	88.1	66.73	82.74
MRPS5	NM_031902.3	MRPS5	Endogenous	mRNA	100			397.5	404.73	385.16	513.33	468.05	465.97	418.12	407.76	403.68	451.49	415.53	454.45	428.19	446.86	475.24	480.73	357.71	353.79	486.16	522.94	555.26	423.96	487.51	504.01	321.65	316.24	342.77	402.81	425.69	382.5	381.77	339.57	409.98	392.95	379.05	401.46	450.27	420.71	476.82	419.53	374.59	391.46	393.19	396.98	385.08
MSH2	NM_000251.1	MSH2	Endogenous	mRNA	100			208.22	209.86	262.92	301.79	265.94	252.88	197.37	225.16	228.26	243.31	225.26	216.77	206.11	187.52	185.35	190.32	102.61	132.76	175.97	129.51	140.39	160.78	103.41	99.37	163.58	132.18	152.94	179.23	201.3	172.45	150.7	159.76	142.75	175.99	150.28	170.47	184.97	172.69	171.23	161.26	154.73	173.11	145.69	143.5	149.12
MSH6	NM_000179.1	MSH6	Endogenous	mRNA	100			169.17	192.87	194.89	239.74	212.75	227.21	171.18	185.35	170.14	256.32	203.39	216.77	133.1	139.78	141.57	190.59	105.39	131.99	142.15	113.06	131.88	126.97	112.57	89.26	118.22	121.33	128.81	148.69	158.61	151.57	135.06	127.95	142.01	144.77	129.62	138.17	170.27	217.88	201.45	183.6	211.12	185.88	165.88	154.15	165.74
MSR	NM_002454.2	MSR	Endogenous	mRNA	100			178.64	221.85	196.04	286.28	249.22	192.55	201.11	199.08	207.12	219.89	203.39	225.58	148.68	142.41	139.39	141.37	92.28	106.81	113.2	112.76	118.54	121.16	112.58	103.3	112.18	134.4	109.89	114.6	142.19	128	119.11	118.02	148.68	126.11	125.68	147.44	172.78	154.02	170.5	164.98	157.32	142.45	141.61	154.98	164.02
NADSYN	NM_018161.4	NADSYN	Endogenous	mRNA	100			46.14	59.96	59.97	78.97	62.31	61.62	57.99	59.04	62.35	80.67	60.14	74.83	48.41	49.91	42.53	49.25	32.34	26.66	32.1	38.02	38.01	36.29	35.52	30.45	38.17	43.01	38.93	50.13	59.31	46.37	51.15	55.88	40.22	41	51.71	43.25	55.69	69.72	58.87	52.27	49.74	54.29	53.99	36.6	38.84
NCK1	NM_006153.3	NCK1	Endogenous	mRNA	100			324.15	315.79	294.06	330	297.85	296.53	308.68	324.02	324.42	317.48	274.47	251.98	188.06	197.53	188.42	138.4	133.3	141.03	162.91	151.08	135.18	143.54	137.69	148.82	215.14	221.68	186.8	215.63	222.93	201.49	223.19	223.35	200.95	213.13	222.97	224.79	240.34	240.09	255	208.89	184.1	179.81	205.1	232.46	217.18
NOS3	NM_000603.4	NOS3	Endogenous	mRNA	98.08			10.65	7	4.61	5.64	6.08	11.55	5.61	13.73	5.28	6.51	5.47	8.8	3.73	2.75	2.4	6.5	1.42	2.12	5.38	1.76	1	1.8	1.71	1.78	4.31	11.47	9.04	7.33	1.24	2.2	3.56	11.01	9.6	9.17	4.15	4.43	1.92	6.3	7.48	6.87	4.01	6.11	3.43	2.75	4.58
OGG1	NM_002542.5	OGG1	Endogenous	mRNA	100			158.53	143.9	166.06	186.15	162.6	188.7	140.31	156.52	145.83	189.97	171.68	167.26	133.51	153.88	186.97	149.32	117.51	114.57	128.13	124.24	116.11	127.18	119.64	107.23	105.88	119.23	108.88	152.38	114.74	140.43	115.28	124.88	125.88	106.22	126.43	130.59	160.05	172.41	164.66	129.58	171.24	141.18	135.47	138.79	150.31
PAF1	NM_019088.2	PAF1	Endogenous	mRNA	100			319.42	307.8	298.67	345.51	335.84	359.43	278.75	315.78	340.28	336.99	313.83	332.31	356.52	309.41	316.32	252.21	257.95	262.28	312.01	276.51	290.02	261.68	251.06	264.21	262.92	256.92	272.67	287.01	326.46	312.42	275.56	281.42	316.22	325.88	268.92	321.13	256.78	242.31	256.88	245.75	242.86	264.85	211.35	191.23	226.27
PARP1	NM_001618.3	PARP1	Endogenous	mRNA	100			436.54	436.71	456.66	526.02	522.76	514.75	501.37	420.12	463.92	573.8	503.01	500.67	444.84	416.73	438.22	405.64	324.18	349.15	514.9	318.76	383.49	463.55	330.68	307.61	343.12	351.83	355.67	371.26	368.88	363.47	376.77	380.54	381.12	393.9	373.35	357.23	402.93	435.9	444.5	502.26	457.04	481.61	433.54	414.56	425.19
PARP2	NM_005484.3	PARP2	Endogenous	mRNA	100			52.05	64.96	61.12	95.9	88.14	94.99	67.35	60.41	54.95	68.96	63.42	86.93	63.96	60.57	67.65	43.46	36.15	42.9	64.19	61.07	65.89	53.03	55.15	54.78	58.38	60.69	58.34	72.7	70.28	75.49	65.59	68.07	59.95	61.5	62.62	67.5	54.93	52.35	56.01	46.17	42.86	36.62	48.43	35.27	42.48
PDGFC	NM_016205.2	PDGFC	Endogenous	mRNA	100			100.56	96.94	111.86	141.02	133.73	127.08	119.73	127.68	113.07	111.9	125.75	137.55	91.2	79.61	79.63	23.56	15.47	12.83	27.27	28.65	26.07	18.79	23.54	25.11	67.94	64.66	67.35	91.24	100.86	100.97	82.7	70.71	78.43	75.4	90.51	85.32	41.03	54.46	56.61	33.32	32.54	36.11	27.86	14.88	10.15
PER2	NM_022817.2	PER2	Endogenous	mRNA	100			16.56	24.98	28.83	29.62	25.83	21.82	23.38	30.2	29.59	22.12	22.96	18.71	19.52	21.56	21.61	16.08	13.04	18.53	15.95	13.8	21.22	16.13	17.6	16.12	19.38	16.53	18.75	17.38	18.85	15.99	14.78	12.95	15.77	17.45	13.79	20.83	13.59	23.93	33.16	16.53	13.32	16.26	22.05	12.18	25.73
PLAT	NM_000930.3	PLAT	Endogenous	mRNA	100			9.46	10.99	12.68	16.92	4.56	6.42	3.74	9.61	13.74	13.01	4.37	8.8	4.1	1.81	4.92	11.43	1.88	3.73	6.62	3.6	1.75	2.38	4.81	1.56	22.43	27	23.51	28.02	29.47	31.91	29.79	25.38	33.9	21.6	23.47	21.07	7.44	9.98	8.3	6.53	7.78	5.65	5.71	4.07	5.93
PPAR-a	NM_001001928.2	PPAR-a	Endogenous	mRNA	100			110.02	108.93	104.94	108.59	129.17	123.23	110.38	131.8	99.34	109.3	125.75	108.94	96.57	105.92	110.68	72.01	59.31	55.01	84.75	96.96	83.27	62.45	75.09	75.23	101.07	82.56	86.03	106.98	116.23	104.29	90.15	97.18	66.88	88.07	89.53	88.86	114.32	134.98	138.6	95.77	115.91	92.1	97.66	87.77	86.97
PPAR-g	NM_005037.5	PPAR-g	Endogenous	mRNA	100			194.02	193.87	174.13	266.54	238.58	228.49	202.04	199.08	189.16	226.4	213.23	192.56	452.63	535.15	493.53	55.4	90.95	104.04	176.32	315.6	299.1	143.07	297.14	289.84	47.1	50.76	55.3	51.36	57.1	55.85	54.51	48.79	53.65	55.51	57.12	63.51	363.98	408.67	340.29	192.86	247.51	184.07	134.41	126.55	184.62
PRKN	NM_004562.2	PRKN	Endogenous	mRNA	100			9.46	13.99	24.22	23.97	21.27	11.55	18.71	17.85	13.74	31.23	22.96	15.41	12.98	7.05	13.47	24.63	5.22	9.34	14.98	10.31	6.91	8.59	6.27	5.73	8.57	11.4	13.48	10.41	11.09	22.43	6.64	11.5	19.09	13.68	12.39	17.17	18.49	14.62	24.69	16.94	21.37	18.63	17.42	13.96	12.41
PROC	NM_000312.3	PROC	Endogenous	mRNA	90.38			11.83	10.99	4.61	8.46	4.56	14.12	9.35	6.86	6.34	9.11	6.56	6.6	2.39	1	1	1.66	2.19	1.45	2.75	1	1.52	1	1	1.64	3.89	11.49	2.72	8.81	7.45	6.62	7.49	7.94	1.44	8.27	16.98	11.71	2.23	1.05	3.82	1.72	1.17	2.38	1	1.07	1.34
PSMD4	NM_002810.2	PSMD4	Endogenous	mRNA	100			467.3	567.62	499.32	575.38	588.1	593.06	478.92	492.89	496.68	550.38	516.13	544.68	456.71	433.94	479.05	423.56	382.45	395.11	380.37	399.69	397.41	357.72	389.26	392.38	404.22	432.09	405.88	445.36	457.61	477.37	429.32	419.63	444.25	435.12	474.95	435.23	540.46	499.7	495.18	518.35	505.89	489.43	471.04	408.42	426.07
PTGIS	NM_000961.3	PTGIS	Endogenous	mRNA	94.23			15.38	19.99	18.45	18.33	21.27	32.09	11.22	20.59	13.74	14.31	15.31	18.71	4.6	3.87	3.94	1	5.52	4.99	6.06	3.3	5.94	1	2.17	1	8.03	12.21	7.22	5.57	6.6	10.55	5.69	7.04	14.06	7.33	8.85	12.26	2.23	3.15	6.54	3.43	1.17	5.94	2	9.62	1.15
Pink1	NM_032409.2	Pink1	Endogenous	mRNA	100			194.02	195.87	166.06	238.33	214.27	211.81	150.6	177.11	184.93	184.76	173.87	184.86	133.79	153.57	135.55	88.9	96.85	73.91	110.23	129.93	99.91	84.88	99.44	112.6	141.53	141.25	149.93	180.53	179.71	161.16	159.61	162.75	149.44	162.18	195.57	162.42	185.75	179.47	171.78	92.88	100.5	78.1	66.69	91.89	93.82
RANK	NM_003839.3	RANK	Endogenous	mRNA	100			31.94	43.97	56.51	55	59.27	56.48	40.22	42.56	68.69	45.54	30.62	46.22	32.26	36.89	38.58	39.49	33.71	32.24	17.63	16	17.18	20.53	16.82	18.12	23.26	23.39	26.02	30.15	39.24	22.18	32.04	31.71	39.73	39.62	28.71	28.05	31.51	29.58	39.03	27.3	27.88	30.93	23.86	23.17	29.94
RDH10	NM_172037.2	RDH10	Endogenous	mRNA	100			26.03	27.98	31.14	33.85	34.95	30.81	22.45	21.97	38.04	29.93	29.52	27.51	23.16	24.93	16.8	15.54	11.56	6.09	18.5	12.88	13.28	11.2	11.11	12.23	13.76	8.5	6.9	11.05	10.32	11.62	9.4	10.4	14	8.07	7.39	7.87	14.57	14.3	9.69	10.17	8.31	11.27	8.89	13.3	12.14
RELA	NM_021975.3	RELA	Endogenous	mRNA	100			91.09	108.93	129.16	139.61	115.49	128.37	106.63	129.06	123.64	123.61	102.79	122.14	84.59	93.19	80.09	113.76	83.69	82.13	86.54	61.48	66.58	71.87	60.72	52.44	58.17	44.81	43.33	48.35	56.33	50.83	48.71	49.29	57.97	57.58	50.77	53.49	50.53	42.36	57.24	60.98	71.71	51.82	54.92	58.67	66.17
RELB	NM_006509.3	RELB	Endogenous	mRNA	100			501.61	468.69	457.81	480.89	509.08	473.67	500.43	472.29	501.96	420.27	436.3	435.75	397.98	429.78	396.05	572.8	502.24	493.25	523.26	403.39	430.18	483.27	390.7	352.58	523.23	487.41	497.17	546.67	522.75	494.49	468.94	519.81	530.02	501.33	498.16	556.57	371.59	308.86	376.89	415.4	406.37	347.23	380.55	422.83	391.34
RTEL1	NM_001283009.1	RTEL1	Endogenous	mRNA	100			7.1	8.99	6.92	18.33	7.6	7.7	4.68	12.36	6.34	13.01	9.84	13.2	3.05	3.74	3.49	7.09	8.54	3.86	4.69	6.39	2.71	4.92	2.61	5.43	6.28	5.57	12.08	6.11	4.82	6.42	4.33	7.49	12.83	3.72	5.65	6.03	9.39	16.52	13.74	3.6	13.5	8.73	10.5	11.22	7.48
SCARB1	NM_005505.3	SCARB1	Endogenous	mRNA	100			137.23	155.9	134.92	190.38	155	155.32	160.89	174.36	125.75	126.21	117	123.24	60.14	84.56	76.55	19.07	14.38	16.61	32.93	55.35	49.16	39.66	53.04	52.1	35.75	41.81	39.19	37.91	40.49	41.51	34.47	40.42	36.81	36.52	40.95	41.87	41.05	35.33	26.71	23.12	25.04	34.2	32.45	28.78	25.08
SCARF1	NM_003693.3	SCARF1	Endogenous	mRNA	100			22.48	21.99	25.37	40.9	22.79	25.67	23.38	30.2	23.25	23.42	20.78	15.41	22.44	19.66	17.16	62.77	72.25	70.03	36.38	59.84	52.31	26.4	57.63	53.41	46.85	57.43	56.27	50.5	39.18	52.22	40.83	51.37	49.34	44.74	44.02	39.92	53.02	50.79	60.18	53.18	73.54	66.74	55.2	67.24	56.92
SCD1 (SCD)	NM_005063.4	SCD1 (SCD)	Endogenous	mRNA	100			494.51	503.67	455.5	492.18	504.52	503.2	505.11	429.73	452.29	431.98	447.24	486.36	302.32	310.48	292.75	354.51	338.79	332.48	583.48	768.98	705.47	544.14	716.38	738.54	258.14	231.92	243.25	250.1	264.93	262.08	234.28	242.16	277.54	257.42	247.62	279.41	364.76	339.39	370.97	371.23	351.53	356.36	331.38	332.99	310
SCF	NM_003994.5	SCF	Endogenous	mRNA	100			4.73	6	9.23	8.46	10.64	14.12	5.61	13.73	9.51	13.01	7.65	7.7	4.59	14.37	5.9	22.69	13.15	8.72	13.24	17.31	13.44	8.88	12.21	11.81	30.7	45.39	33.72	29.84	40.35	35.85	22.96	40.35	43.97	10.38	6.77	8.41	14.71	13.81	10.44	13.69	16.78	9.95	4.79	7.67	5.33
SERPINE1	NM_000602.4	SERPINE1	Endogenous	mRNA	100			20.11	34.98	34.6	36.67	37.99	60.33	33.67	41.19	34.87	44.24	30.62	40.71	4.66	10.29	10.65	54.15	109.05	71.93	25.96	56.58	39.26	22.15	54.96	49.71	24.5	20.28	40.24	15.08	25.35	29.2	23.62	26.71	18.19	19.12	25.19	31.55	23.8	25.92	15.79	21.44	26.87	25.31	20.45	28.21	27.31
SIRT1	NM_012238.4	SIRT1	Endogenous	mRNA	100			403.42	384.74	352.87	423.07	430.06	376.12	343.29	339.12	366.69	402.05	383.82	354.32	259.74	284.75	311.48	275.84	193.75	185.89	257.17	202.37	195.03	208.78	178.18	187.73	255.27	280.9	251.56	344.99	332.62	312.3	311.49	306.85	280.69	323.46	342.23	290.05	371.75	333.83	376.49	269.99	337.86	306.85	266.95	271.74	234.29
SMPD1	NM_000543.4	SMPD1	Endogenous	mRNA	100			75.71	90.94	92.25	112.82	139.81	101.41	101.96	75.51	104.62	49.44	47.02	40.71	39.6	27.45	41.94	41.99	44.47	36.28	47.03	53.43	40.31	33.24	42.31	36.41	50.54	74.3	60.56	57.54	53.14	39.83	65.64	45.76	77.21	50.22	56.8	46.3	57.17	54.45	66.16	54.36	52.95	56.46	55.56	46.85	56.64
SOD1	NM_000454.4	SOD1	Endogenous	mRNA	100			949.98	977.35	907.55	1184.61	1069.83	1119.36	987.77	925.37	888.73	1034.4	1109.9	1091.56	877.96	818.23	833.89	746.9	612.09	618.87	965.61	626.94	644	795.2	553.38	504.77	719.26	642.84	633.8	822.25	695.17	758.04	720.19	747.5	737.28	800.28	778.11	765.82	842.59	883.05	925.05	1009.92	1022.26	987	933.79	879.06	857.26
SOD2	NM_000636.2	SOD2	Endogenous	mRNA	100			16573.21	16517.03	15760.43	13734.38	14175.22	14253.87	16257.11	16480.84	15190.87	14080.88	14493.16	13847.03	11046.85	13086.88	12155.58	8221.9	12884.47	11013.42	7132.85	12836.06	10970.62	6814.97	13232.25	13576.05	10853.08	11099.57	11266.01	10778.29	11599.34	12213.41	10998	11564.79	11367.33	10837.69	11405.08	12064.7	9092.9	9742.64	10060.87	7266.6	7355.62	7874.18	7171.32	8092.01	8543.17
SOD3	NM_003102.2	SOD3	Endogenous	mRNA	100			10.65	9.99	12.68	7.05	3.04	14.12	8.42	8.24	11.62	15.61	10.93	5.5	3.94	4.06	2.03	10.99	3.61	2.99	4.54	2.97	3.35	1.91	1.73	2.4	6.44	13.06	10.61	8.05	8.47	6.58	9.89	12.23	9.23	9.14	9.23	8.32	6.08	5.71	6.92	8.3	5.29	3.23	5.44	4.84	5.65
SRD5A1	NM_001047.3	SRD5A1	Endogenous	mRNA	100			164.44	169.89	178.74	225.64	258.34	232.34	204.85	185.35	206.07	205.58	183.71	189.26	151.86	169.19	163.14	115.11	151.18	118.27	144.12	141.32	138.67	105.53	120.59	124.2	142.46	145.91	120.22	190.23	161.16	198.8	162.73	162.19	180.62	143.85	150.07	196.16	222.51	208.92	192.71	166.6	180.31	164.16	130.69	160.89	177.35
SRD5A2	NM_000348.3	SRD5A2	Endogenous	mRNA	100			14.2	16.99	12.68	9.87	10.64	11.55	13.1	19.22	11.62	19.52	12.03	16.51	36.05	28.71	57.64	77.05	43.9	45.15	84.3	34.29	22.83	24.04	23.59	33.8	5.13	10.62	7.17	8.31	7.87	5.24	9.9	10.49	24.77	8.5	7.92	7.03	9.13	4.76	14.84	10.38	9.54	4.31	3.63	5.82	6.47
SREBP-1c (SREBF1)	NM_001005291.1	SREBP-1c (SREBF1)	Endogenous	mRNA	100			431.81	477.68	472.8	390.64	351.04	390.24	412.51	402.27	441.72	381.23	379.44	310.3	378.14	367.52	383.66	448.04	331.68	291.76	427.88	442.89	473.98	475.19	484.65	452.51	242.34	217.44	235.32	214.12	226.44	205.39	191.19	199.86	216.26	226.72	201.78	236.61	275.47	232.16	285.02	402.7	437.27	414.73	427.75	406.18	395.48
SYK	NM_003177.5	SYK	Endogenous	mRNA	100			1222.08	1070.29	1097.82	1235.37	1153.41	1222.05	1204.78	1293.31	1144.47	1268.61	1254.24	1375.46	887	1049.17	990.41	471.97	685.12	591.3	431.71	850	732.9	435.64	807.54	799.05	799.28	776.48	749.26	906.29	893.41	984.52	862.27	921.38	919.46	835	882.47	932.52	914.35	918.05	901.29	662.32	647.42	679.32	627.44	652.62	636.88
TERC	NR_001566.1	TERC	Endogenous	mRNA	100			351.36	348.77	359.79	386.41	385.99	403.07	334.87	295.18	323.37	382.53	338.98	400.53	269.32	274.8	266.17	322.14	263.28	272.32	354.18	204.26	226.49	336.04	179.98	189.64	249.08	263.49	253.22	277.01	261.06	271.23	269.44	244.94	261.3	295.37	275.28	273.74	267.56	264.73	263.21	300.47	287.29	299.08	263.29	244.81	241.92
TERT	NM_198253.1	TERT	Endogenous	mRNA	100			4.73	6	2.31	2.82	4.56	1.28	1.87	4.12	3.17	11.71	2.19	6.6	8	15.99	4.9	18.61	16.58	8.68	6.59	6.46	9.74	7.74	13.42	15.69	7.66	15.85	13.38	7.44	14.68	15.65	8.44	5.22	8.53	7.25	5.91	8.4	10.06	9.44	19.63	13.73	1.75	8.91	6	11.22	5.34
TGFB	NM_000660.3	TGFB	Endogenous	mRNA	100			506.34	520.65	556.98	657.17	633.69	548.13	535.04	550.55	536.83	615.44	644.07	568.89	657.64	618.08	646.78	770.94	664.41	538.33	608.08	583.09	529.11	491.12	560.96	520.35	445.44	411.25	453.11	542.03	503.93	515.54	483.88	482.47	555.35	473.78	492.54	502.21	446.25	470.43	444.23	506.89	543.68	536.01	475.17	474.27	484.3
TIMP1	NM_003254.2	TIMP1	Endogenous	mRNA	100			1952.02	1961.7	1862.38	2153.44	2215.64	2243.86	2025.12	2049.81	1933.86	1882.74	2022.96	1861.82	1319.54	1475.27	1433.09	498.91	860.5	726.59	440.19	890.57	757.6	400.47	813.92	726.84	1277.02	1283.92	1258.07	1131.94	1223.18	1288.42	1182.36	1333.23	1186.28	1217.25	1369.51	1323.8	1521.14	1497.11	1445.8	601.53	549.1	616.97	560.59	616.39	627.84
TNF-a	NM_000594.2	TNF-a	Endogenous	mRNA	100			85.18	69.95	66.88	67.69	100.3	96.28	90.73	72.77	82.43	66.36	75.45	82.53	68.9	72.62	89.62	149.19	235.85	201.22	83.59	125.41	113.84	75.85	117.24	111.4	99.44	91.13	118.01	108.32	125.66	119.46	126.44	126.22	116.85	101.59	135.69	119.49	142.97	140.13	130.95	134.83	120.64	118.7	130.2	128.3	141.94
TNFSF14	NM_172014.2	TNFSF14	Endogenous	mRNA	100			62.7	68.95	87.64	87.44	98.78	82.15	78.57	94.73	70.8	79.37	66.7	86.93	27.53	38.38	30.35	77.75	76.59	86.64	49.91	114.31	98.42	59.45	87.3	89.21	68.82	58.91	60.76	58.67	55.54	48.11	62.86	80.22	53.8	52.27	67.05	48.64	75.36	63.95	52.33	48.97	77.28	57.02	47.99	77.59	48.51
TPH1	NM_004179.1	TPH1	Endogenous	mRNA	100			7.1	8.99	9.23	16.92	13.68	16.69	11.22	9.61	8.45	18.22	9.84	13.2	9.02	12.46	7.74	11.8	5.17	13.71	10.41	8.51	6	6	4.97	5.59	16.55	7.34	22.55	38.6	24.74	28.74	19.15	28.76	20.28	16.44	25.53	29.93	20.6	11.05	25.84	12.05	15.38	7.82	22.39	4.22	15.25
TYR	NM_000372.4	TYR	Endogenous	mRNA	71.15			4.73	1	1.15	4.23	1.52	3.85	3.74	5.49	1.06	7.81	4.37	5.5	13.13	14.51	15.76	14.97	12.44	11.17	20.6	11.06	10.35	1	1	1	1	1	1	1	1.36	1.51	1.47	1	1.98	1	1	1.22	2.92	7.3	5.69	2.99	8.13	13.44	6.96	1.86	1.55
TYRP1	NM_000550.2	TYRP1	Endogenous	mRNA	90.38			4.73	6	3.46	4.23	3.04	7.7	4.68	5.49	3.17	2.6	7.65	5.5	3.15	4.64	3.24	2.93	4.33	3.35	4.36	1.58	2.35	3.35	3.01	1.92	2.47	3.51	3.63	4.32	2.27	5.05	4.08	5.05	5.5	4.56	4.19	4.87	1.36	2.97	6.17	1	3.31	3.36	2.43	2.16	1.44
Tgm1	NM_000359.2	Tgm1	Endogenous	mRNA	100			4.73	9.99	5.77	11.28	7.6	3.85	5.61	15.1	11.62	18.22	5.47	8.8	5.82	5.51	4.27	4.83	6.34	7.57	9.58	6.79	7.08	3.21	2.13	6.02	16.41	14.56	17.2	18.46	14.9	21.18	18.56	16.77	6.73	17.16	17.32	14.91	32.98	16.06	19.07	11.26	16.6	15.59	18.58	15.18	13.63
UNG	NM_003362.3	UNG	Endogenous	mRNA	100			60.34	56.96	74.96	78.97	79.02	66.75	76.7	61.78	62.35	74.16	69.98	66.02	90.96	79.09	90.98	113.12	72.35	91.16	104.92	70.65	78.02	94.72	62.57	82.84	48.51	40.94	44.66	67.85	58.51	54.4	50.85	64.1	69.85	59.62	68.44	51.56	73.46	73.9	65.29	67.16	64.47	85.1	75.14	81.52	65.87
Ubl-5	NM_024292.3	Ubl-5	Endogenous	mRNA	100			1733.15	1804.8	1706.7	1992.68	2022.64	2001.24	1698.67	1738.15	1681.3	1975.12	2068.89	2073.09	1815.48	1879.69	1866.29	1362.37	1327.21	1354	1358.13	1525.91	1430.76	1312.98	1396.58	1419.5	1005.18	1043.85	1053.9	1191.81	1270.21	1282.73	1115.74	1197.74	1125.12	1130.93	1164.44	1175.61	1657.5	1771.61	1702.65	1488.24	1510.97	1460.44	1304.66	1315.68	1339.06
VCAM1	NM_001199834.1	VCAM1	Endogenous	mRNA	100			8.28	12.99	16.14	18.33	10.64	5.13	9.35	19.22	7.4	13.01	12.03	7.7	24.18	8.44	5.46	28.12	14.58	15.47	7.34	7.2	4.07	20.32	6.54	7.28	13.82	61.29	79.67	13.43	39.72	56.47	74.23	70.62	53.87	68.64	21.31	22.72	17.88	11.75	20.94	14.65	16.83	26.62	16	20.51	18.53
VEGFA	NM_001025366.1	VEGFA	Endogenous	mRNA	100			233.06	208.86	256	330	326.72	268.29	259.1	230.65	275.81	295.36	270.09	265.19	165.6	174.55	189.29	95	120.83	113.49	118.85	198.87	169.27	110.36	229.24	232.03	197.02	214.03	185.49	165.11	183.81	174.59	165.33	171.6	164.6	198.33	210.11	241.34	236.23	223.75	186.04	212.17	218.84	198.33	140.95	160.48	208.1
VWF	NM_000552.3	VWF	Endogenous	mRNA	100			15.38	15.99	18.45	14.1	10.64	26.96	19.64	23.34	13.74	22.12	9.84	9.9	1.88	4.85	7.25	8.74	9.33	5	3.25	5.91	2	1.36	5.17	5.02	8.08	5.12	13.31	15.7	10.62	8.25	9.54	10.61	15.42	7.37	16.02	6.64	16.31	19.49	14.47	25.8	17.05	26.8	19.9	19.84	16.54
XPA	NM_000380.3	XPA	Endogenous	mRNA	100			248.44	279.81	303.28	407.56	337.36	341.46	300.26	306.17	333.93	331.79	368.51	323.51	262.18	281.29	288.46	216.04	180.49	181.89	245.26	193.93	198.93	217.18	168.51	175.49	165.41	165.98	179.41	259.44	226.96	214.46	202.71	202.9	213.48	233.98	240.21	240.11	375.75	344.64	353.11	388.3	365.62	316.35	298.94	284.41	309.2
XRCC1	NM_006297.2	XRCC1	Endogenous	mRNA	100			84	69.95	85.33	97.31	74.46	80.87	74.83	104.34	85.6	85.87	92.95	91.33	50.98	64.19	59.91	78.4	57.13	50.59	63.54	68.72	55.16	44.94	57.01	43.57	57.17	72.7	72.93	84.27	75.61	90.54	66.94	82.79	65.81	68.98	77.17	66.59	76.95	81.64	86.8	104.37	94.05	79.71	85.87	85.04	83.64
XRCC5	NM_021141.3	XRCC5	Endogenous	mRNA	100			3117.31	3287.82	3392.64	3652.54	3683.61	3594.28	3381.44	3593	3625.73	3502.65	3595.41	3502.47	2457.27	2675.78	2731.57	2288.94	1983.83	1952.28	2083.34	2004.47	1942.74	1966.75	1934.85	1839.24	1954.3	2068.78	2192.99	2358.89	2356.97	2334.95	2263.13	2324.78	2390.33	2326.89	2394.68	2281.42	3206.67	3116.43	3239.07	3011.31	3029.59	3031.96	3028.54	3036.34	2866.26
apoA-I (APA1)	NM_000039.1	apoA-I (APA1)	Endogenous	mRNA	100			3.55	6	4.61	7.05	7.6	7.7	6.55	1.37	1.06	7.81	4.37	6.6	1.69	6.21	2.17	7.84	3.86	5.12	5.83	2.65	1.79	2.85	3.09	2.25	5.55	6.33	11.63	9.24	3.65	12.15	7.86	3.24	7.95	5.63	7.34	5.21	1.29	4.7	7.33	10.25	9.16	10.65	11.2	4.79	5.99
ACTB	NM_001101.2	ACTB	Housekeeping	mRNA	100			8719.01	8492.36	8619.98	6726.87	6896.13	6666.1	8560.71	8435.38	8073.62	7088.58	7170.04	7680.57	6509.17	6740.4	6512.64	6616.07	7134.59	6917.78	5475.2	6405.81	6134.92	6080.16	6974.04	7151.17	7867.69	7681.18	7468.19	6577.62	6870.94	6889.22	7240.29	7471.71	7340.28	6374.3	6541.51	6985.71	5851.69	5885.69	5723.85	6002.13	5832.59	6018.24	6769.24	6759.42	6806.94
GAPDH	NM_002046.3	GAPDH	Housekeeping	mRNA	100			7265.05	7277.17	7304.21	7769.04	7658.99	7816.27	7261.45	7153.04	7284.22	7408.66	7430.29	7401.07	6688	7189.73	7206.38	6010.42	8191.37	7506.25	6372.38	9047.91	8684.78	6211.8	9425.67	9217.59	8796.08	8681.61	9001.87	8881.97	9064.93	9240.17	8897.54	8563.26	8680.39	9024.21	9383.57	9112.82	10125.82	10108.67	10365.91	8771.61	8809.49	9160.65	8146.16	8313.33	8733.65
RPLP0	NM_001002.3	RPLP0	Housekeeping	mRNA	100			7328.94	7512.01	7373.4	8883.13	8789.61	8909.96	7468.17	7693.99	7893.97	8839.91	8714.05	8166.93	10664.12	9579.63	9891.73	11674.59	7943.67	8940.41	13305.93	8009.85	8713.23	12291.76	7062.36	7042.91	6708.27	6961.75	6905.56	7946.37	7453.6	7292.84	7206.44	7255.84	7286.09	8070.58	7563.11	7292.62	7834.93	7802.89	7824.41	8817.84	9035.13	8420.75	8418.88	8261.56	7809.07
TBP	NM_001172085.1	TBP	Housekeeping	mRNA	100			249.62	261.83	264.08	325.77	348	301.66	254.43	307.54	275.81	296.66	267.91	259.69	143.34	168.43	174.02	144.52	138.56	108.25	144.31	144.74	160.12	138.67	144.69	139.6	161.04	149.54	178.98	213.9	181.5	200.73	173.92	190.95	185.37	192.78	175.55	195.96	249.81	221.02	266.06	236.11	226.05	210.75	209.61	173.39	203.9
NEG_A	ERCC_00096.1	NEG_A(0)	Negative	SYSTEM	100			13	14	12	17	10	20	16	18	16	12	14	18	13	14	12	17	10	20	16	18	16	12	14	18	13	14	12	17	10	20	16	18	16	12	14	18	13	14	12	17	10	20	16	18	16
NEG_B	ERCC_00041.1	NEG_B(0)	Negative	SYSTEM	100			15	20	12	18	12	18	19	11	13	14	22	14	15	20	12	18	12	18	19	11	13	14	22	14	15	20	12	18	12	18	19	11	13	14	22	14	15	20	12	18	12	18	19	11	13
NEG_C	ERCC_00019.1	NEG_C(0)	Negative	SYSTEM	100			12	22	19	21	17	17	19	23	13	25	17	15	12	22	19	21	17	17	19	23	13	25	17	15	12	22	19	21	17	17	19	23	13	25	17	15	12	22	19	21	17	17	19	23	13
NEG_D	ERCC_00076.1	NEG_D(0)	Negative	SYSTEM	100			18	16	25	16	12	17	14	18	7	21	19	18	18	16	25	16	12	17	14	18	7	21	19	18	18	16	25	16	12	17	14	18	7	21	19	18	18	16	25	16	12	17	14	18	7
NEG_E	ERCC_00098.1	NEG_E(0)	Negative	SYSTEM	100			13	10	19	15	19	18	26	8	15	16	16	9	13	10	19	15	19	18	26	8	15	16	16	9	13	10	19	15	19	18	26	8	15	16	16	9	13	10	19	15	19	18	26	8	15
NEG_F	ERCC_00126.1	NEG_F(0)	Negative	SYSTEM	100			21	31	19	21	19	29	27	16	14	17	29	22	21	31	19	21	19	29	27	16	14	17	29	22	21	31	19	21	19	29	27	16	14	17	29	22	21	31	19	21	19	29	27	16	14
NEG_G	ERCC_00144.1	NEG_G(0)	Negative	SYSTEM	100			10	24	8	13	8	16	18	20	12	4	8	6	10	24	8	13	8	16	18	20	12	4	8	6	10	24	8	13	8	16	18	20	12	4	8	6	10	24	8	13	8	16	18	20	12
NEG_H	ERCC_00154.1	NEG_H(0)	Negative	SYSTEM	100			12	9	5	11	20	15	11	13	14	8	8	12	12	9	5	11	20	15	11	13	14	8	8	12	12	9	5	11	20	15	11	13	14	8	8	12	12	9	5	11	20	15	11	13	14
POS_A	ERCC_00117.1	POS_A(128)	Positive	SYSTEM	100			21308	25801	22813	21426	19242	20728	22940	18399	21201	24186	23144	21383	21308	25801	22813	21426	19242	20728	22940	18399	21201	24186	23144	21383	21308	25801	22813	21426	19242	20728	22940	18399	21201	24186	23144	21383	21308	25801	22813	21426	19242	20728	22940	18399	21201
POS_B	ERCC_00112.1	POS_B(32)	Positive	SYSTEM	100			9141	10730	9445	8959	7871	8363	9483	7987	9096	9885	9217	8293	9141	10730	9445	8959	7871	8363	9483	7987	9096	9885	9217	8293	9141	10730	9445	8959	7871	8363	9483	7987	9096	9885	9217	8293	9141	10730	9445	8959	7871	8363	9483	7987	9096
POS_C	ERCC_00002.1	POS_C(8)	Positive	SYSTEM	100			2462	2836	2420	2286	1997	2187	2405	2060	2253	2506	2339	2087	2462	2836	2420	2286	1997	2187	2405	2060	2253	2506	2339	2087	2462	2836	2420	2286	1997	2187	2405	2060	2253	2506	2339	2087	2462	2836	2420	2286	1997	2187	2405	2060	2253
POS_D	ERCC_00092.1	POS_D(2)	Positive	SYSTEM	100			605	655	623	529	511	543	590	464	584	624	599	514	605	655	623	529	511	543	590	464	584	624	599	514	605	655	623	529	511	543	590	464	584	624	599	514	605	655	623	529	511	543	590	464	584
POS_E	ERCC_00035.1	POS_E(0.5)	Positive	SYSTEM	100			92	118	101	93	94	102	96	101	75	116	109	104	92	118	101	93	94	102	96	101	75	116	109	104	92	118	101	93	94	102	96	101	75	116	109	104	92	118	101	93	94	102	96	101	75
POS_F	ERCC_00034.1	POS_F(0.125)	Positive	SYSTEM	100			58	67	66	55	56	66	66	57	45	68	54	51	58	67	66	55	56	66	66	57	45	68	54	51	58	67	66	55	56	66	66	57	45	68	54	51	58	67	66	55	56	66	66	57	45
